mes,shape,scale,error_shape,error_scale,vel_max,vel_min,vel_prom
1,1.6247767599260285,4.011322353128346,0.02166717884825275,0.044197343124647584,13.308704714397201,0.008624033536710965,3.5935530819861756
2,1.5977317905170385,3.9822840052641246,0.021192139718590748,0.04462426532272826,17.214455892398217,0.0059291160153110145,3.5726382088943867
3,1.6424031682310343,4.023453867548076,0.02176784961853889,0.04389008319623486,14.102924817997152,0.03327592845510779,3.5979131222907683
4,1.5842870094795374,3.9738585024693647,0.020827548872717854,0.044950820371261864,16.752868384212942,0.002588058965510397,3.5641123982241423
5,1.5764503444122127,3.9779640935999314,0.02091257739258257,0.04519318979499329,14.555497240891228,0.024818000620274998,3.5719875231099487
6,1.5894327701320128,4.01506817526115,0.021070194122429216,0.04523204123513949,15.36263984468311,0.016314028694063218,3.6033691348533274
7,1.6302038015414433,4.058353660676114,0.0213609341223683,0.04463484434226727,18.458526710581026,0.06966790276636643,3.6282942596137997
8,1.6136698813589208,4.039624218986661,0.021340990171868742,0.044853934379148884,15.086975831054813,0.025377472272758182,3.6176376954599285
9,1.5779806587482792,3.947072688863366,0.02077431552773167,0.0448382185416333,13.934379540454318,0.013052481947207838,3.5402368050604025
10,1.6190337223303548,3.9780384567388873,0.02137409525968284,0.04401001539188243,17.572492806750738,0.023479511165258784,3.562838971811237
11,1.5751983794386049,3.966354943328459,0.020780974326412533,0.045127562533237804,14.77630262317586,0.0435489348982268,3.558880165196511
12,1.6067115916327979,3.9959862010750626,0.02136291669784609,0.044532877288245606,13.397509342452944,0.008582497461790725,3.5826130086819745
