counts,density,mids
4198,0.10122492283950617,0.5
7400,0.17843364197530864,1.5
7893,0.19032118055555555,2.5
6917,0.1667872299382716,3.5
5247,0.1265190972222222,4.5
3702,0.0892650462962963,5.5
2512,0.060570987654320986,6.5
1601,0.03860435956790124,7.5
929,0.02240065586419753,8.5
520,0.01253858024691358,9.5
263,0.0063416280864197535,10.5
151,0.003641010802469136,11.5
78,0.001880787037037037,12.5
36,0.0008680555555555555,13.5
14,0.00033757716049382714,14.5
4,9.645061728395061e-05,15.5
4,9.645061728395061e-05,16.5
2,4.8225308641975306e-05,17.5
1,2.4112654320987653e-05,18.5
